
STAGE 2 º®:1 °ø°£:0
112211111111111111111111111111111111111111111111111111111111111111
110000000000000000000000000000000000000000000000000000000000000011
110011111111110011111111111111111111111111111100111111111111110011
110000000000110011001100000000001100000000001100110000000000110011
110011111111110011001100111111001100111111001100110011111100110011
110011000000000011001100110011001100110011001100110011001100110011
110011001111111111001100110011001100110011001100110011001100110011
110011000000000011001100110011001100110011001100110011000000110011
110011111111110011001100110011001100110011001111110011111111110011
110011000000110011001100110011001100110011001100000000000000000011
110011000000110011001100110011001100110011001100111111111111111111
110011001111110011001100110011001100110011001100110000000000110011
110011000000000000000000110000001100110011001100110011001100110011
110011111111111111111111111111001100110011001100110011001100110011
110000000000110011000000000000001100110011001100110011001100110011
111111111100110011001111110011001100110011001100110011001100110011
110011001100000011001100110011001100110011001100110011001100110011
110011001111111111001100110011001100110011001100110011001100110011
110011000000000000001100110011001100110011000000110011001100000011
110011111111111111111100110011001111110011111111110011001111111111
110000000000000000000000000011000000000000000000000011000000000011
111111111111111111111111111111111111111111111111111111111111113311






























